{
  "abstract_algebra": 0.26,
  "anatomy": 0.2518518518518518,
  "astronomy": 0.19078947368421054,
  "business_ethics": 0.23,
  "clinical_knowledge": 0.26037735849056604,
  "college_biology": 0.2152777777777778,
  "college_chemistry": 0.2,
  "college_computer_science": 0.17,
  "college_mathematics": 0.2,
  "college_medicine": 0.20809248554913296,
  "college_physics": 0.19607843137254902,
  "computer_security": 0.24,
  "conceptual_physics": 0.31063829787234043,
  "econometrics": 0.24561403508771928,
  "electrical_engineering": 0.2689655172413793,
  "elementary_mathematics": 0.2724867724867725,
  "formal_logic": 0.1984126984126984,
  "global_facts": 0.33,
  "high_school_biology": 0.24516129032258063,
  "high_school_chemistry": 0.2660098522167488,
  "high_school_computer_science": 0.24,
  "high_school_european_history": 0.2545454545454545,
  "high_school_geography": 0.2222222222222222,
  "high_school_government_and_politics": 0.21243523316062177,
  "high_school_macroeconomics": 0.21794871794871795,
  "high_school_mathematics": 0.2518518518518518,
  "high_school_microeconomics": 0.23529411764705882,
  "high_school_physics": 0.2052980132450331,
  "high_school_psychology": 0.24403669724770644,
  "high_school_statistics": 0.375,
  "high_school_us_history": 0.25,
  "high_school_world_history": 0.270042194092827,
  "human_aging": 0.3632286995515695,
  "human_sexuality": 0.22137404580152673,
  "international_law": 0.256198347107438,
  "jurisprudence": 0.28703703703703703,
  "logical_fallacies": 0.25766871165644173,
  "machine_learning": 0.2857142857142857,
  "management": 0.2524271844660194,
  "marketing": 0.24358974358974358,
  "medical_genetics": 0.23,
  "miscellaneous": 0.28735632183908044,
  "moral_disputes": 0.24566473988439305,
  "moral_scenarios": 0.2424581005586592,
  "nutrition": 0.238562091503268,
  "philosophy": 0.2733118971061093,
  "prehistory": 0.2654320987654321,
  "professional_accounting": 0.2765957446808511,
  "professional_law": 0.2692307692307692,
  "professional_medicine": 0.24632352941176472,
  "professional_psychology": 0.25980392156862747,
  "public_relations": 0.34545454545454546,
  "security_studies": 0.1673469387755102,
  "sociology": 0.23880597014925373,
  "us_foreign_policy": 0.21,
  "virology": 0.3132530120481928,
  "world_religions": 0.2573099415204678
}