{
  "abstract_algebra": 0.26,
  "anatomy": 0.26666666666666666,
  "astronomy": 0.19078947368421054,
  "business_ethics": 0.24,
  "clinical_knowledge": 0.26037735849056604,
  "college_biology": 0.2152777777777778,
  "college_chemistry": 0.2,
  "college_computer_science": 0.18,
  "college_mathematics": 0.19,
  "college_medicine": 0.19653179190751446,
  "college_physics": 0.17647058823529413,
  "computer_security": 0.27,
  "conceptual_physics": 0.2936170212765957,
  "econometrics": 0.23684210526315788,
  "electrical_engineering": 0.2620689655172414,
  "elementary_mathematics": 0.2566137566137566,
  "formal_logic": 0.1746031746031746,
  "global_facts": 0.34,
  "high_school_biology": 0.24516129032258063,
  "high_school_chemistry": 0.26108374384236455,
  "high_school_computer_science": 0.24,
  "high_school_european_history": 0.24242424242424243,
  "high_school_geography": 0.20202020202020202,
  "high_school_government_and_politics": 0.21761658031088082,
  "high_school_macroeconomics": 0.22564102564102564,
  "high_school_mathematics": 0.2740740740740741,
  "high_school_microeconomics": 0.226890756302521,
  "high_school_physics": 0.24503311258278146,
  "high_school_psychology": 0.23669724770642203,
  "high_school_statistics": 0.38425925925925924,
  "high_school_us_history": 0.23039215686274508,
  "high_school_world_history": 0.28270042194092826,
  "human_aging": 0.35874439461883406,
  "human_sexuality": 0.22137404580152673,
  "international_law": 0.256198347107438,
  "jurisprudence": 0.28703703703703703,
  "logical_fallacies": 0.24539877300613497,
  "machine_learning": 0.2767857142857143,
  "management": 0.23300970873786409,
  "marketing": 0.25213675213675213,
  "medical_genetics": 0.25,
  "miscellaneous": 0.2886334610472541,
  "moral_disputes": 0.23699421965317918,
  "moral_scenarios": 0.23575418994413408,
  "nutrition": 0.24183006535947713,
  "philosophy": 0.2733118971061093,
  "prehistory": 0.26851851851851855,
  "professional_accounting": 0.26595744680851063,
  "professional_law": 0.27183833116036504,
  "professional_medicine": 0.29044117647058826,
  "professional_psychology": 0.25326797385620914,
  "public_relations": 0.37272727272727274,
  "security_studies": 0.1673469387755102,
  "sociology": 0.23880597014925373,
  "us_foreign_policy": 0.21,
  "virology": 0.3072289156626506,
  "world_religions": 0.26900584795321636
}