{
  "abstract_algebra": 0.25,
  "anatomy": 0.2962962962962963,
  "astronomy": 0.20394736842105263,
  "business_ethics": 0.25,
  "clinical_knowledge": 0.2528301886792453,
  "college_biology": 0.2638888888888889,
  "college_chemistry": 0.22,
  "college_computer_science": 0.23,
  "college_mathematics": 0.26,
  "college_medicine": 0.21965317919075145,
  "college_physics": 0.16666666666666666,
  "computer_security": 0.26,
  "conceptual_physics": 0.28936170212765955,
  "econometrics": 0.20175438596491227,
  "electrical_engineering": 0.2896551724137931,
  "elementary_mathematics": 0.2566137566137566,
  "formal_logic": 0.21428571428571427,
  "global_facts": 0.33,
  "high_school_biology": 0.25483870967741934,
  "high_school_chemistry": 0.2413793103448276,
  "high_school_computer_science": 0.26,
  "high_school_european_history": 0.2909090909090909,
  "high_school_geography": 0.2676767676767677,
  "high_school_government_and_politics": 0.22797927461139897,
  "high_school_macroeconomics": 0.2692307692307692,
  "high_school_mathematics": 0.2518518518518518,
  "high_school_microeconomics": 0.23109243697478993,
  "high_school_physics": 0.31125827814569534,
  "high_school_psychology": 0.23302752293577983,
  "high_school_statistics": 0.39351851851851855,
  "high_school_us_history": 0.22549019607843138,
  "high_school_world_history": 0.27848101265822783,
  "human_aging": 0.336322869955157,
  "human_sexuality": 0.22137404580152673,
  "international_law": 0.256198347107438,
  "jurisprudence": 0.26851851851851855,
  "logical_fallacies": 0.2085889570552147,
  "machine_learning": 0.2857142857142857,
  "management": 0.24271844660194175,
  "marketing": 0.24358974358974358,
  "medical_genetics": 0.27,
  "miscellaneous": 0.2720306513409962,
  "moral_disputes": 0.21965317919075145,
  "moral_scenarios": 0.2223463687150838,
  "nutrition": 0.25163398692810457,
  "philosophy": 0.2797427652733119,
  "prehistory": 0.26851851851851855,
  "professional_accounting": 0.2730496453900709,
  "professional_law": 0.2607561929595828,
  "professional_medicine": 0.38235294117647056,
  "professional_psychology": 0.2679738562091503,
  "public_relations": 0.36363636363636365,
  "security_studies": 0.17551020408163265,
  "sociology": 0.24875621890547264,
  "us_foreign_policy": 0.21,
  "virology": 0.27710843373493976,
  "world_religions": 0.26900584795321636
}