{
  "abstract_algebra": 0.26,
  "anatomy": 0.2518518518518518,
  "astronomy": 0.18421052631578946,
  "business_ethics": 0.24,
  "clinical_knowledge": 0.2641509433962264,
  "college_biology": 0.22916666666666666,
  "college_chemistry": 0.2,
  "college_computer_science": 0.17,
  "college_mathematics": 0.18,
  "college_medicine": 0.18497109826589594,
  "college_physics": 0.17647058823529413,
  "computer_security": 0.27,
  "conceptual_physics": 0.3148936170212766,
  "econometrics": 0.22807017543859648,
  "electrical_engineering": 0.2689655172413793,
  "elementary_mathematics": 0.25396825396825395,
  "formal_logic": 0.16666666666666666,
  "global_facts": 0.34,
  "high_school_biology": 0.25161290322580643,
  "high_school_chemistry": 0.2660098522167488,
  "high_school_computer_science": 0.24,
  "high_school_european_history": 0.24242424242424243,
  "high_school_geography": 0.22727272727272727,
  "high_school_government_and_politics": 0.22797927461139897,
  "high_school_macroeconomics": 0.2205128205128205,
  "high_school_mathematics": 0.25925925925925924,
  "high_school_microeconomics": 0.24369747899159663,
  "high_school_physics": 0.24503311258278146,
  "high_school_psychology": 0.24220183486238533,
  "high_school_statistics": 0.38425925925925924,
  "high_school_us_history": 0.23039215686274508,
  "high_school_world_history": 0.28270042194092826,
  "human_aging": 0.3632286995515695,
  "human_sexuality": 0.22137404580152673,
  "international_law": 0.256198347107438,
  "jurisprudence": 0.2777777777777778,
  "logical_fallacies": 0.24539877300613497,
  "machine_learning": 0.2857142857142857,
  "management": 0.23300970873786409,
  "marketing": 0.2564102564102564,
  "medical_genetics": 0.23,
  "miscellaneous": 0.28607918263090676,
  "moral_disputes": 0.23699421965317918,
  "moral_scenarios": 0.24134078212290502,
  "nutrition": 0.23529411764705882,
  "philosophy": 0.2733118971061093,
  "prehistory": 0.26851851851851855,
  "professional_accounting": 0.2624113475177305,
  "professional_law": 0.2666232073011734,
  "professional_medicine": 0.2757352941176471,
  "professional_psychology": 0.2565359477124183,
  "public_relations": 0.36363636363636365,
  "security_studies": 0.1673469387755102,
  "sociology": 0.24378109452736318,
  "us_foreign_policy": 0.21,
  "virology": 0.3072289156626506,
  "world_religions": 0.27485380116959063
}