{
  "abstract_algebra": 0.26,
  "anatomy": 0.24444444444444444,
  "astronomy": 0.18421052631578946,
  "business_ethics": 0.24,
  "clinical_knowledge": 0.26037735849056604,
  "college_biology": 0.2361111111111111,
  "college_chemistry": 0.2,
  "college_computer_science": 0.17,
  "college_mathematics": 0.18,
  "college_medicine": 0.18497109826589594,
  "college_physics": 0.17647058823529413,
  "computer_security": 0.26,
  "conceptual_physics": 0.2978723404255319,
  "econometrics": 0.22807017543859648,
  "electrical_engineering": 0.2689655172413793,
  "elementary_mathematics": 0.2777777777777778,
  "formal_logic": 0.18253968253968253,
  "global_facts": 0.33,
  "high_school_biology": 0.23870967741935484,
  "high_school_chemistry": 0.2660098522167488,
  "high_school_computer_science": 0.25,
  "high_school_european_history": 0.23636363636363636,
  "high_school_geography": 0.22727272727272727,
  "high_school_government_and_politics": 0.22279792746113988,
  "high_school_macroeconomics": 0.2205128205128205,
  "high_school_mathematics": 0.25925925925925924,
  "high_school_microeconomics": 0.23949579831932774,
  "high_school_physics": 0.2052980132450331,
  "high_school_psychology": 0.24403669724770644,
  "high_school_statistics": 0.38425925925925924,
  "high_school_us_history": 0.25,
  "high_school_world_history": 0.27848101265822783,
  "human_aging": 0.3632286995515695,
  "human_sexuality": 0.22137404580152673,
  "international_law": 0.256198347107438,
  "jurisprudence": 0.28703703703703703,
  "logical_fallacies": 0.25766871165644173,
  "machine_learning": 0.2767857142857143,
  "management": 0.24271844660194175,
  "marketing": 0.25213675213675213,
  "medical_genetics": 0.23,
  "miscellaneous": 0.28607918263090676,
  "moral_disputes": 0.23699421965317918,
  "moral_scenarios": 0.2424581005586592,
  "nutrition": 0.23529411764705882,
  "philosophy": 0.2733118971061093,
  "prehistory": 0.2654320987654321,
  "professional_accounting": 0.2765957446808511,
  "professional_law": 0.2692307692307692,
  "professional_medicine": 0.2536764705882353,
  "professional_psychology": 0.2630718954248366,
  "public_relations": 0.34545454545454546,
  "security_studies": 0.1673469387755102,
  "sociology": 0.23880597014925373,
  "us_foreign_policy": 0.21,
  "virology": 0.3132530120481928,
  "world_religions": 0.27485380116959063
}